52979 
53179 
50480 
52579 
52579 
52679 
52679 
54778 
56277 
56477 
54878 
54878 
53478 
53478 
53878 
57077 
58776 
60076 
62075 
65574 
71071 
71071 
70372 
68572 
67473 
64374 
64974 
61975 
63175 
63574 
65874 
64874 
65274 
65874 
66273 
66373 
68672 
73171 
73970 
74070 
72771 
70572 
71171 
70472 
70772 
72071 
72471 
75570 
75270 
72871 
73970 
75969 
76169 
78368 
82067 
81067 
81367 
80268 
82367 
81967 
80368 
78368 
77969 
76769 
77069 
75770 
74670 
76169 
75370 
74170 
74570 
72871 
70572 
73071 
70372 
70272 
73770 
72871 
74070 
76269 
76069 
75770 
74270 
74370 
73670 
72371 
71471 
70572 
70472 
70672 
69772 
67973 
65874 
66773 
69272 
68572 
65973 
66873 
67273 
71871 
72571 
74070 
74270 
71171 
71071 
71471 
73071 
72371 
72371 
73071 
73071 
73071 
73370 
74570 
73370 
74770 
74570 
73570 
74870 
74570 
74770 
77869 
76969 
74870 
74970 
74070 
74870 
74670 
74170 
74370 
73770 
73370 
75869 
75170 
75470 
74770 
74570 
76900 
77900 
79200 
78600 
79100 
80500 
86800 
90600 
91500 
90900 
90300 
87500 
85500 
88000 
88800 
90800 
92600 
94700 
92200 
93000 
91600 
88200 
88300 
89100 
92400 
90900 
91000 
91400 
92200 
97900 
100400 
102800 
101800 
100200 
100800 
98100 
97400 
94700 
96900 
97600 
98300 
98700 
96400 
94200 
90800 
88200 
92000 
95800 
96200 
95800 
95800 
97000 
99600 
98500 
98800 
98100 
98400 
97000 
99000 
97500 
98700 
99600 
99800 
100200 
100400 
108800 
108400 
109600 
111600 
111600 
111600 
111600 
120500 
119000 
119000 
119500 
118000 
117500 
117500 
118000 
121500 
119500 
117000 
113500 
114500 
115500 
115000 
114500 
116000 
114500 
113000 
109500 
109000 
110500 
113000 
113500 
117000 
116500 
118000 
119500 
125000 
122000 
123000 
127000 
127000 
126500 
124000 
126000 
128500 
129000 
133500 
135000 