         0
       442
       885
      1306
      1744
      2182
      2621
      3060
      3517
      3986
      4456
      4914
      5371
      5816
      6262
      6711
      7187
      7677
      8177
      8694
      9241
      9833
     10425
     11012
     11583
     12146
     12682
     13224
     13740
     14266
     14796
     15345
     15886
     16430
     16979
     17531
     18084
     18656
     19266
     19882
     20500
     21106
     21694
     22287
     22875
     23464
     24065
     24669
     25299
     25926
     26533
     27150
     27783
     28417
     29070
     29754
     30430
     31108
     31777
     32463
     33146
     33816
     34469
     35119
     35759
     36401
     37032
     37655
     38289
     38917
     39535
     40157
     40764
     41352
     41961
     42548
     43133
     43748
     44355
     44972
     45608
     46242
     46873
     47492
     48112
     48726
     49329
     49925
     50513
     51100
     51689
     52270
     52837
     53386
     53942
     54519
     55091
     55641
     56198
     56759
     57357
     57962
     58579
     59198
     59791
     60384
     60979
     61588
     62191
     62794
     63403
     64012
     64621
     65233
     65854
     66465
     67089
     67710
     68323
     68947
     69568
     69750
     69956
     70176
     70362
     70549
     70727
     70912
     71078
     71227
     71376
     71533
     71687
     71874
     72055
     72235
     72382
     72514
     72654
     72786
     72899
     72962
     73029
     73114
     73265
     73458
     73684
     73900
     74136
     74339
     74522
     74706
     74905
     75118
     75341
     75578
     75793
     75996
     76149
     76268
     76386
     76523
     76704
     76869
     77040
     77212
     77380
     77591
     77798
     78028
     78269
     78487
     78694
     78877
     79036
     79141
     79273
     79408
     79559
     79695
     79815
     79930
     80034
     80119
     80246
     80402
     80572
     80748
     80912
     81092
     81304
     81504
     81720
     81949
     82160
     82382
     82621
     82819
     83034
     83247
     83443
     83644
     83850
     84137
     84421
     84720
     85047
     85382
     85724
     86066
     86482
     86892
     87317
     87764
     88191
     88593
     89000
     89434
     89889
     90324
     90700
     91042
     91378
     91722
     92087
     92449
     92820
     93166
     93504
     93813
     94113
     94425
     94758
     95092
     95446
     95805
     96165
     96540
     96968
     97361
     97765
     98200
     98609
     99022
     99431
     99857
    100310
    100761
    101252
